65,64
69,66
21,15
13,38
16,39
63,30
16,21
2,3
11,4
33,61
9,34
69,67
13,49
29,59
6,27
5,15
7,33
18,53
21,18
13,13
30,53
49,62
13,22
19,15
31,49
9,33
32,59
33,69
3,34
33,63
67,50
7,23
5,36
5,2
13,45
34,55
35,67
13,17
45,63
23,14
67,24
26,57
5,19
23,22
25,55
3,41
35,59
20,55
17,51
51,62
12,23
13,36
37,53
11,23
25,56
65,61
56,65
35,68
59,42
5,4
13,51
67,55
17,43
21,3
66,65
1,6
1,35
7,15
4,33
7,3
63,42
29,56
68,51
43,49
37,49
51,34
14,19
9,17
60,67
8,39
2,1
2,37
24,53
3,32
23,21
12,27
67,22
13,32
15,43
1,11
63,54
29,61
31,66
61,40
19,9
14,7
5,10
7,13
11,48
65,49
25,43
65,41
15,34
57,34
63,63
69,60
44,59
51,59
1,9
16,9
10,7
64,67
70,21
5,37
69,35
28,17
37,67
47,64
35,66
7,20
37,69
17,47
43,43
62,47
7,37
41,68
3,24
62,27
33,66
3,15
27,57
11,21
11,16
0,11
47,70
53,67
2,25
1,4
8,11
12,49
41,47
50,65
49,69
58,69
37,54
20,51
70,57
17,7
67,23
15,0
29,55
65,55
57,37
29,57
19,40
55,31
59,48
10,5
36,55
11,20
15,1
9,18
11,24
7,9
55,33
1,5
41,53
16,31
55,40
45,69
23,11
69,40
23,17
63,25
58,33
60,69
13,47
63,36
31,12
1,39
38,69
51,64
39,65
65,57
3,28
52,67
39,47
18,5
35,47
4,9
19,3
3,6
34,57
10,1
68,31
68,65
17,13
25,13
18,17
7,22
39,53
65,27
14,29
39,51
63,31
11,8
40,65
55,63
31,50
11,11
62,49
16,45
29,15
15,45
13,8
67,45
23,8
1,21
20,43
69,31
41,65
60,47
65,44
67,54
59,31
41,51
37,52
12,5
69,23
11,39
67,41
14,39
65,45
26,15
19,4
65,38
23,51
43,52
60,35
45,61
59,57
69,33
67,46
29,51
11,42
15,3
29,49
36,47
9,13
9,21
64,39
63,69
11,47
6,39
23,45
15,37
33,47
15,23
13,2
13,50
17,53
7,11
63,35
30,59
45,66
12,11
6,21
31,68
70,35
15,51
15,19
3,23
5,33
67,49
66,41
61,32
65,58
63,55
9,15
63,29
67,60
31,18
21,2
54,65
37,55
58,67
57,67
43,70
10,9
17,25
69,30
5,18
43,63
9,1
19,11
28,65
69,38
27,9
13,25
5,41
53,69
53,29
69,26
31,56
61,38
67,59
65,56
25,63
51,44
58,29
63,39
59,41
8,15
69,57
43,69
14,33
38,53
32,69
3,7
47,67
11,27
1,22
31,47
7,29
33,59
20,11
15,48
15,35
63,61
3,11
67,44
5,31
19,13
29,63
53,32
59,35
27,21
35,50
65,52
56,31
17,23
32,57
17,1
39,48
23,19
2,13
39,63
67,67
22,35
43,66
38,49
61,35
51,63
59,26
8,29
53,36
21,44
16,49
51,25
63,40
70,53
24,65
0,27
61,26
29,58
68,41
39,56
16,53
28,9
65,60
67,38
51,30
1,25
11,13
33,10
5,13
39,50
20,19
9,9
59,49
69,51
67,61
13,44
3,22
15,2
55,67
58,23
30,61
25,17
59,62
15,47
43,46
58,35
15,18
3,35
30,63
55,41
9,7
1,7
28,63
19,49
62,67
47,65
69,48
17,19
69,55
15,13
59,47
17,3
4,1
69,19
21,49
19,14
64,43
17,50
24,15
34,53
1,41
69,68
11,14
11,25
55,68
25,18
13,26
11,15
63,62
17,40
19,46
68,45
12,15
7,36
57,53
15,9
65,69
7,17
1,23
26,65
13,23
55,45
3,26
15,41
69,59
16,43
57,65
23,24
1,29
13,46
31,61
9,28
69,41
51,66
59,69
29,67
69,28
36,65
58,65
53,68
63,47
64,23
53,58
55,69
31,9
43,65
17,20
3,9
61,29
23,66
60,39
23,15
13,15
16,17
7,27
8,5
65,33
7,16
17,21
40,61
9,37
39,17
22,11
16,15
27,65
8,3
24,11
44,9
28,67
59,46
37,51
69,45
17,6
63,45
29,53
58,31
9,11
43,67
1,30
69,36
33,67
63,20
34,67
9,23
28,51
66,55
27,53
19,17
69,39
35,52
18,43
14,51
63,34
24,27
13,43
25,20
65,23
15,17
63,27
15,15
17,39
45,34
66,67
68,21
66,31
31,52
46,67
37,60
69,42
25,49
61,69
15,4
49,68
11,34
22,53
9,26
19,22
60,31
50,59
8,31
18,19
19,25
37,57
10,17
24,3
56,67
63,66
31,57
65,19
33,50
3,39
30,23
41,50
20,49
35,51
67,34
63,37
15,39
17,42
35,62
13,18
42,49
31,69
15,12
23,2
7,35
66,33
34,47
27,52
7,5
62,43
42,63
27,61
21,43
9,35
21,45
23,9
61,70
13,21
69,65
23,43
53,33
35,63
7,7
61,45
19,47
44,61
3,21
33,48
64,31
59,53
31,59
3,12
32,61
17,41
6,29
65,67
11,41
17,10
23,49
25,53
27,56
59,25
61,36
21,17
67,58
45,68
69,69
24,57
69,29
11,40
17,9
26,61
6,3
57,28
63,68
5,14
52,61
2,9
12,35
69,21
67,43
66,21
53,64
43,53
20,15
12,41
1,31
69,49
37,62
25,51
12,19
21,39
37,59
37,65
69,37
41,69
7,10
9,39
67,30
67,48
51,55
55,49
57,63
23,44
21,42
22,13
69,25
63,65
45,31
19,43
6,33
43,47
15,7
45,65
1,3
21,16
32,53
60,23
65,47
62,35
22,55
3,53
15,29
68,57
38,67
47,57
8,37
57,29
14,9
17,45
21,55
21,7
69,62
69,43
15,21
1,1
67,57
61,31
39,67
65,70
24,17
3,37
5,5
22,15
29,50
33,55
27,24
59,43
3,1
65,63
67,63
17,11
4,13
25,54
37,47
33,57
50,29
33,64
11,17
3,30
57,31
59,67
27,11
39,64
57,64
15,5
31,51
65,24
6,9
65,65
23,53
35,57
35,69
57,42
69,27
67,69
32,7
61,30
25,50
41,67
35,65
21,21
5,21
29,54
11,38
18,45
19,45
21,51
40,67
67,62
5,11
63,59
23,52
38,57
21,46
47,53
42,65
21,40
35,60
4,21
7,2
9,5
25,65
67,52
15,52
35,49
57,46
49,65
35,55
63,28
29,9
51,31
19,38
66,17
26,51
69,63
6,17
39,49
65,39
13,3
59,33
10,37
15,53
13,11
8,23
21,10
60,41
16,7
13,5
32,47
17,16
26,27
33,53
14,21
30,47
54,35
69,14
5,1
49,67
27,7
33,60
61,41
21,53
46,61
5,28
59,29
4,23
20,7
7,12
11,35
15,11
61,44
70,63
35,61
7,1
43,54
41,63
26,5
67,47
37,61
27,60
63,64
24,21
34,63
25,10
32,55
1,28
13,41
5,9
33,51
6,15
13,6
44,67
21,48
15,49
18,47
33,49
22,49
61,28
6,7
61,63
65,43
17,54
14,41
47,63
57,62
1,8
19,41
7,0
25,62
5,3
27,23
67,25
59,44
69,53
11,33
63,46
42,69
48,67
67,65
50,67
17,5
61,21
21,6
14,45
36,49
65,40
41,49
8,33
14,11
65,37
13,29
31,55
33,70
11,37
67,21
64,33
69,47
17,15
1,32
21,47
44,57
67,53
9,27
5,23
47,69
15,26
9,19
38,65
11,2
19,21
26,17
40,51
4,37
61,65
31,65
51,70
44,49
67,39
10,21
53,31
14,3
67,26
31,53
9,3
69,24
3,3
11,7
35,58
43,51
23,55
25,64
58,51
18,49
68,33
3,29
18,23
59,39
1,33
19,39
17,49
23,50
4,7
10,25
60,63
8,7
65,31
13,53
40,59
8,19
54,69
57,69
2,11
67,35
5,39
65,29
67,20
59,63
1,27
11,5
61,57
53,65
29,65
27,54
17,12
13,7
48,61
4,19
13,1
13,48
21,4
29,7
23,42
19,19
23,5
67,36
1,34
67,68
10,13
13,35
13,37
40,47
39,69
27,20
51,69
32,63
5,6
10,23
59,65
13,9
61,67
13,42
62,61
66,47
11,10
65,59
3,27
27,63
36,69
63,41
11,1
63,33
5,29
5,35
67,37
64,47
22,19
64,53
70,47
53,38
11,9
19,53
41,52
33,65
25,57
27,14
61,37
68,55
55,65
60,49
31,67
18,13
15,25
18,9
1,20
19,51
29,21
67,33
3,31
6,35
65,28
52,27
7,19
66,63
17,34
15,14
64,61
69,61
1,36
21,66
1,17
19,52
55,32
35,53
43,59
25,21
61,33
57,33
3,5
63,21
59,45
28,61
61,47
27,55
11,19
61,43
55,34
14,13
10,35
61,23
11,3
30,65
9,12
17,17
31,63
13,39
49,15
67,1
35,34
51,24
53,61
61,8
33,2
44,45
47,48
44,41
59,7
33,35
33,7
25,41
67,28
51,67
17,33
3,54
45,51
31,25
15,59
62,21
48,7
11,28
69,4
47,43
11,63
51,65
61,51
22,31
47,10
55,19
35,5
32,1
63,3
25,33
52,15
1,45
39,37
21,1
57,61
51,47
25,30
53,59
35,11
49,37
33,29
61,13
51,22
63,43
58,13
27,33
45,13
17,68
27,13
50,5
5,26
51,33
57,10
41,31
29,38
27,35
47,31
42,35
49,49
48,13
43,25
7,50
20,1
17,59
23,47
45,3
45,1
19,70
9,66
43,44
37,31
13,57
59,0
49,51
30,45
51,12
55,47
37,29
31,40
53,51
53,47
61,49
51,13
7,59
4,47
58,7
40,23
69,16
37,14
55,0
66,7
53,8
55,16
47,4
57,39
21,29
23,29
67,14
33,14
3,67
45,19
0,63
46,45
39,38
63,7
23,41
17,61
65,50
21,41
43,36
11,45
21,37
29,19
53,1
56,39
33,16
53,19
37,11
27,3
35,29
55,43
46,31
39,45
39,33
19,37
39,59
63,6
16,65
29,45
69,8
67,7
38,21
47,24
39,0
53,17
61,7
40,29
26,67
25,34
43,4
51,61
43,55
41,21
25,39
29,3
1,37
13,58
57,7
46,49
31,5
31,10
65,51
51,39
3,66
45,12
35,39
57,47
49,8
34,45
46,17
49,30
50,11
53,37
28,43
33,17
53,48
23,58
5,60
53,13
41,19
58,19
14,67
22,61
19,69
17,60
10,63
25,11
58,55
32,21
32,19
43,18
61,64
45,35
57,1
23,62
33,39
49,5
16,57
55,62
9,57
63,51
1,69
47,27
14,55
27,49
49,22
7,49
42,61
5,47
57,50
12,55
43,19
42,29
3,65
35,6
31,43
3,47
54,43
9,49
56,57
37,37
56,13
67,27
53,53
5,51
43,13
53,25
51,54
54,19
29,29
9,48
37,12
29,33
21,23
1,65
34,19
18,63
28,47
65,5
5,52
21,31
35,45
21,9
42,59
53,63
59,15
47,21
40,17
63,56
37,22
43,27
56,37
59,19
36,3
26,7
29,6
39,13
57,15
31,21
5,38
21,61
3,49
41,24
1,47
5,62
25,36
50,55
49,2
28,15
4,57
24,59
67,4
28,27
51,26
36,17
7,53
7,62
13,59
51,35
31,33
47,51
31,37
61,53
48,33
25,1
35,37
37,25
40,33
7,51
68,17
15,55
27,30
42,55
7,68
39,6
21,28
53,27
3,45
55,5
66,1
9,58
45,11
35,21
39,55
59,60
33,45
39,19
36,19
43,39
9,45
49,20
26,41
62,17
43,15
41,45
38,39
39,43
19,31
45,55
27,22
48,35
67,15
55,1
2,19
47,61
48,3
41,33
9,43
41,58
61,16
59,5
50,25
7,63
13,61
35,13
47,29
25,12
35,23
69,11
29,37
53,23
23,68
57,24
5,64
49,50
43,62
21,27
37,33
51,23
54,37
11,55
46,13
37,15
43,37
53,35
30,43
43,29
43,2
11,31
23,65
27,1
31,31
54,13
63,1
15,65
43,5
8,57
19,1
45,45
38,33
5,43
39,12
49,13
58,11
1,48
35,31
57,41
49,9
57,43
37,1
41,39
45,67
21,22
1,57
15,61
56,45
49,25
1,55
57,58
31,3
29,12
40,7
65,10
45,27
3,25
54,23
61,9
51,7
46,9
37,17
24,7
63,19
57,23
46,21
23,27
40,3
22,33
45,2
15,36
19,57
33,13
43,17
5,7
20,59
31,32
52,1
21,57
62,3
53,24
69,17
43,31
11,53
35,20
60,7
29,25
37,24
11,61
37,35
23,67
39,23
27,43
55,50
19,5
3,19
25,15
45,17
31,8
49,55
32,27
6,31
23,4
68,11
69,7
31,7
8,43
15,66
51,38
7,42
67,19
49,11
64,3
23,33
49,10
51,1
61,15
43,1
65,3
49,1
27,2
68,1
55,13
6,67
23,3
1,54
41,3
34,41
19,63
45,16
45,26
42,13
59,11
9,40
3,43
59,4
29,43
47,49
43,11
44,17
49,0
54,57
21,5
39,27
59,61
65,4
49,40
27,69
1,40
15,28
41,5
53,50
47,6
53,28
41,20
13,33
52,17
19,34
20,29
65,7
8,69
47,7
25,7
52,19
63,14
46,33
61,24
3,33
24,5
25,37
47,45
1,53
34,21
39,39
46,35
49,23
47,30
47,58
69,1
19,29
17,67
57,12
59,8
2,49
49,29
17,27
15,27
40,41
43,40
61,55
65,26
35,15
37,45
49,7
25,25
49,45
60,57
52,33
55,10
61,11
56,15
25,5
55,35
48,49
38,3
33,9
29,35
43,9
0,45
15,57
49,33
51,19
54,21
11,62
27,67
18,59
53,11
65,25
5,58
51,11
11,44
63,58
12,67
37,3
55,3
9,51
63,9
14,63
25,23
15,64
36,45
25,68
69,5
65,1
29,39
34,27
19,58
5,25
21,67
57,57
37,23
47,47
64,7
23,7
41,28
45,6
53,21
53,43
9,47
53,45
39,20
2,63
55,55
39,35
29,32
19,54
61,59
15,67
19,66
24,45
31,23
39,3
47,9
34,33
27,47
25,47
66,35
19,2
1,51
55,57
3,17
49,19
31,27
61,54
38,41
60,1
39,26
69,2
49,61
47,39
23,57
19,30
29,11
35,36
41,10
1,42
33,3
31,1
45,23
37,63
9,55
55,18
42,5
68,9
9,59
35,35
25,45
37,16
49,43
10,45
37,7
47,28
7,67
50,47
45,64
33,25
53,57
48,37
29,20
13,63
41,25
50,19
7,39
43,32
35,9
65,11
5,56
17,56
48,53
43,12
9,41
26,1
5,65
59,55
57,49
22,29
50,15
47,37
47,17
41,30
19,56
53,6
54,61
17,63
19,33
43,33
35,40
51,49
40,35
40,43
38,43
21,68
57,17
60,11
13,69
25,69
32,43
9,54
67,29
31,13
31,16
5,44
37,41
5,45
61,25
9,56
58,5
33,30
1,67
16,25
37,5
21,35
31,2
36,41
43,14
5,55
25,29
69,13
28,41
27,44
39,9
45,21
41,2
33,38
19,35
25,59
38,9
60,21
39,4
9,53
41,29
9,46
42,45
65,53
31,15
59,21
63,15
15,63
60,19
11,51
51,5
17,55
51,9
41,42
44,47
55,7
39,36
67,2
69,9
38,27
57,9
7,45
10,53
44,37
33,4
28,11
15,69
47,55
49,41
52,21
7,65
29,2
48,45
45,43
61,52
46,25
25,38
41,40
6,41
42,17
22,57
9,29
7,43
13,55
9,60
27,27
3,59
31,28
63,5
45,41
3,69
59,13
61,1
49,31
1,68
43,7
57,52
11,29
39,7
55,54
11,69
41,41
50,17
13,19
31,24
35,25
8,51
67,11
22,39
69,18
41,59
4,53
51,56
49,57
34,25
13,30
1,13
41,17
9,64
55,27
26,37
1,15
47,13
45,15
59,37
55,37
27,15
21,13
49,3
19,55
28,5
57,60
34,1
42,9
45,5
54,41
63,49
9,25
24,47
45,53
55,60
63,67
37,21
27,19
5,59
47,1
25,19
63,53
31,14
43,3
29,13
30,41
23,23
61,3
33,41
35,19
10,67
15,31
25,0
58,39
42,39
26,11
39,25
3,60
65,13
50,7
11,43
29,17
48,25
49,63
45,38
33,23
49,59
66,9
27,37
35,26
28,69
51,27
16,61
37,2
2,47
6,59
1,49
63,17
39,15
60,13
56,27
47,35
66,13
41,27
4,69
67,13
41,57
54,17
43,57
27,5
41,1
41,26
44,33
21,33
1,61
44,51
31,45
31,11
53,9
57,5
49,32
47,5
39,16
59,23
37,8
9,67
50,43
47,33
13,31
22,63
17,29
65,12
18,27
63,52
7,54
53,41
65,15
51,29
63,23
53,44
37,19
2,69
29,22
11,57
27,59
35,38
19,68
4,49
58,37
32,45
41,61
63,22
27,17
53,2
37,9
11,59
59,17
61,5
53,14
19,67
41,11
47,15
29,47
35,27
27,51
24,69
27,32
43,41
44,3
24,31
57,25
5,69
5,50
54,47
1,63
16,69
47,23
51,50
51,37
55,25
37,28
39,10
43,21
59,27
61,56
55,46
25,3
47,25
41,43
2,65
15,58
39,61
25,61
35,28
52,5
29,1
0,17
41,32
46,37
29,26
45,54
31,41
61,14
38,7
52,41
61,61
31,30
67,5
2,59
19,7
44,7
47,59
7,57
13,27
39,54
11,58
47,44
56,5
45,59
5,67
52,47
32,25
43,20
7,31
10,31
25,28
51,36
57,55
48,19
45,9
51,40
35,7
37,18
1,44
41,9
21,63
45,49
45,7
57,19
32,39
37,30
29,30
17,37
65,17
57,51
51,57
9,68
9,52
39,14
19,64
53,5
18,33
57,11
8,61
33,21
11,67
63,11
22,25
69,15
49,52
57,59
38,31
45,33
22,37
52,53
31,19
26,33
49,21
61,19
21,26
44,27
65,35
5,70
5,17
53,55
29,27
9,61
29,18
65,9
21,60
58,15
43,26
53,42
61,58
55,8
33,15
31,29
43,61
37,36
12,65
47,46
19,24
11,64
8,45
39,18
5,49
53,52
34,7
17,57
47,11
23,37
55,61
35,1
60,5
27,8
27,39
19,36
3,18
17,22
17,65
1,56
3,51
53,7
63,16
16,37
5,27
39,62
23,61
51,4
25,9
67,31
37,39
55,11
17,35
7,21
48,55
67,9
51,3
39,41
35,41
12,69
41,35
55,21
50,35
29,23
9,69
46,53
12,61
33,32
61,17
33,36
53,15
57,13
39,31
15,33
35,43
49,28
18,1
30,35
3,42
2,57
56,53
55,53
43,35
26,23
25,40
39,29
2,53
40,15
56,7
56,23
23,39
37,43
33,11
53,12
55,29
43,23
65,21
40,55
63,2
13,60
19,23
24,41
42,57
33,33
3,55
39,1
51,21
27,70
52,9
27,41
41,23
55,26
53,39
40,45
44,29
23,38
23,1
7,64
0,61
23,63
32,35
25,46
17,26
55,48
47,19
45,25
27,29
7,61
23,13
5,57
51,41
39,11
2,51
7,69
29,46
38,59
4,41
19,27
7,25
57,27
47,2
51,60
39,5
7,55
45,20
17,69
33,12
2,15
39,21
57,21
4,65
57,3
53,30
60,61
20,37
11,49
13,65
45,29
9,31
31,22
65,16
33,42
63,10
53,3
36,31
13,56
38,25
5,53
10,59
51,2
50,13
58,17
67,3
41,38
19,59
59,1
9,63
21,24
25,67
29,41
21,65
29,4
50,57
34,15
7,24
16,3
36,5
1,16
29,0
11,30
49,39
35,17
23,59
61,2
31,39
2,45
60,53
51,45
3,40
35,33
23,32
27,31
47,18
58,25
11,32
29,31
4,67
57,45
1,59
23,31
3,63
23,35
33,43
13,54
11,65
21,64
41,12
47,56
45,47
51,53
34,23
54,55
46,51
5,63
41,13
47,41
53,10
22,7
57,2
37,27
36,23
59,3
41,7
26,43
45,37
51,15
1,43
41,55
33,37
49,38
21,19
27,45
47,60
54,27
36,9
13,67
33,27
59,51
33,1
65,18
23,69
25,27
54,3
31,34
58,21
7,41
57,35
21,69
56,55
47,22
42,23
62,9
55,23
30,9
56,19
45,42
9,65
35,3
29,36
34,5
55,9
33,19
49,47
23,25
67,6
62,5
64,25
41,37
45,39
28,25
18,67
50,51
48,15
6,53
53,49
25,35
42,7
11,52
24,35
25,31
55,30
55,15
67,17
59,59
36,11
47,8
0,51
7,47
30,13
15,24
69,6
6,47
35,12
67,51
52,57
51,46
45,14
31,4
28,35
34,9
63,13
58,57
19,62
19,61
38,45
26,47
61,27
49,53
17,28
33,31
43,45
68,13
48,41
51,17
18,31
51,43
63,50
56,3
47,3
15,62
27,48
60,17
35,44
47,42
3,13
46,39
5,46
56,43
8,49
63,57
21,11
59,9
20,33
27,25
19,65
1,19
28,29
58,3
63,18
17,31
63,12
4,43
49,17
43,0
37,34
69,3
39,57
51,51
36,37
41,15
70,11
31,35
35,32
27,38
15,32
33,5
58,49
3,61
41,22
45,22
45,30
55,59
45,57
49,35
55,39
29,69
55,51
3,57
14,69
21,25
49,27
21,59
30,37
29,5
55,17
25,24
31,17
37,13
3,62
48,63
56,21
61,39
44,23
45,56
5,61
38,42
32,4
8,66
30,24
58,10
42,26
4,20
10,64
6,30
57,48
30,18
52,59
42,18
37,46
27,68
44,18
34,48
45,48
56,59
20,48
32,2
60,52
62,13
16,35
54,60
51,18
27,4
22,17
14,37
63,32
24,34
62,19
0,55
14,46
60,2
64,38
18,69
56,62
0,20
54,16
10,69
39,2
47,12
62,6
14,31
59,24
48,29
14,48
56,52
12,33
19,20
21,14
27,34
70,26
62,50
64,40
40,9
55,2
33,26
41,48
62,10
42,12
52,60
4,68
13,68
2,64
38,22
13,52
60,30
42,20
22,12
42,15
68,25
46,47
25,2
26,55
12,60
18,68
54,7
7,46
10,28
66,45
40,64
0,40
10,42
70,17
69,0
26,26
0,68
51,6
66,4
0,67
19,48
52,32
28,70
20,64
18,10
70,9
27,58
24,63
28,26
24,18
51,14
55,22
9,42
64,54
40,42
6,10
64,48
2,32
70,12
10,70
8,24
24,25
40,63
58,14
10,50
68,2
29,70
68,29
13,0
54,49
58,50
10,38
24,19
42,21
56,4
46,63
46,8
38,55
46,62
9,24
29,28
68,40
14,68
51,10
10,58
7,70
7,48
61,46
0,42
52,10
16,40
24,50
22,30
25,16
52,66
55,4
65,20
52,37
56,20
46,7
62,64
10,15
28,19
22,69
30,31
66,14
68,15
54,48
47,40
10,8
64,55
32,26
66,29
58,43
66,52
6,66
64,6
22,46
54,24
30,20
48,9
46,18
6,69
4,0
18,26
0,33
60,42
3,58
66,42
66,3
24,58
68,46
70,22
4,15
49,34
70,15
24,46
2,56
28,23
44,11
6,25
70,36
17,30
22,23
1,38
53,40
6,45
38,47
9,8
50,64
8,18
12,59
22,43
10,60
41,6
32,37
0,19
62,23
31,20
12,48
1,26
11,66
18,61
44,25
0,14
40,13
6,60
51,8
6,46
35,46
56,30
20,65
4,28
12,47
49,24
57,4
9,50
22,14
20,9
7,34
54,2
8,64
59,6
70,23
0,31
18,21
68,6
11,56
9,14
50,18
66,38
38,2
22,62
51,32
5,12
4,17
39,24
48,12
68,24
4,46
29,52
70,1
28,18
29,10
32,50
44,28
68,36
40,28
28,22
51,28
4,18
24,22
41,14
8,67
59,34
8,55
15,70
41,8
18,39
62,46
40,4
68,12
7,56
28,38
4,61
68,20
57,26
40,14
42,32
26,34
18,29
70,38
44,4
51,16
40,62
68,60
58,12
70,0
12,46
11,46
19,50
16,26
68,49
17,32
26,54
45,46
50,3
8,26
38,48
3,70
32,5
44,65
20,12
31,26
15,8
58,48
64,65
68,28
66,18
42,27
15,40
33,52
20,14
28,60
46,19
68,61
56,0
14,17
3,44
62,36
26,35
14,27
40,0
58,53
20,32
66,46
10,40
70,7
10,52
15,56
10,54
0,44
28,66
64,11
43,16
5,22
16,29
13,28
64,17
20,41
18,42
14,43
53,46
0,12
45,24
68,8
50,56
28,3
46,34
48,2
4,66
66,44
24,23
62,45
30,67
54,25
18,40
26,31
26,4
24,13
17,64
63,48
24,2
2,55
62,60
22,54
2,46
21,34
23,64
18,30
20,40
66,43
46,65
18,48
58,44
64,41
27,36
48,32
58,6
42,31
64,0
24,62
13,24
8,42
59,40
36,35
54,20
0,21
8,35
60,3
25,22
23,54
18,50
55,58
24,4
48,64
12,45
32,3
8,38
28,40
4,27
10,61
18,65
64,1
54,45
68,48
10,68
67,56
17,70
69,54
22,56
52,18
12,68
6,0
22,50
60,37
11,36
28,13
32,70
70,46
62,4
18,7
66,51
24,52
14,42
66,64
36,32
58,38
41,64
21,56
30,32
9,38
42,64
54,58
62,56
31,46
20,13
65,2
60,26
68,47
58,62
25,70
45,4
2,52
24,64
12,36
25,60
62,66
56,10
2,38
44,2
52,22
24,8
24,30
22,24
59,32
10,49
20,25
6,14
36,46
62,32
3,56
15,68
0,52
53,20
44,66
61,20
21,30
25,4
10,55
62,52
12,54
18,60
22,52
56,42
45,18
26,2
29,60
26,70
55,38
40,48
16,56
52,31
19,60
14,0
9,30
14,53
64,8
38,63
30,68
25,26
56,41
59,22
8,60
25,6
30,39
64,20
0,4
49,42
65,34
52,39
66,58
7,38
28,31
52,38
33,34
34,60
5,48
65,36
8,48
6,51
28,2
54,8
0,48
4,4
30,52
24,10
66,22
44,46
48,68
68,68
60,8
64,10
7,6
50,1
54,56
49,36
20,66
50,50
38,26
38,62
30,50
2,70
70,16
56,29
54,59
10,30
42,22
42,1
2,22
45,10
2,31
68,63
31,44
44,16
46,32
8,20
18,44
17,14
6,19
64,2
64,49
6,22
50,20
34,62
28,57
32,54
64,29
23,10
56,9
62,58
54,28
39,52
68,27
40,27
52,20
6,20
59,56
42,43
16,34
33,0
15,54
26,12
62,33
8,4
36,56
57,6
44,8
12,24
46,41
53,26
62,51
2,48
30,8
60,24
50,52
43,60
10,57
4,58
39,40
20,63
40,6
62,14
22,26
8,12
60,0
43,10
46,10
59,54
39,22
63,0
44,56
26,69
16,13
46,40
14,56
20,54
66,60
44,32
56,63
54,12
26,25
20,18
36,20
10,12
12,21
14,26
33,56
68,62
44,5
12,4
66,23
46,46
28,53
26,3
41,36
47,54
4,5
2,35
60,29
54,52
34,11
59,14
40,68
53,56
44,20
36,13
10,39
2,28
36,66
55,24
68,56
46,58
70,61
41,70
16,51
26,39
58,18
23,18
69,64
40,1
36,67
1,18
60,43
8,1
44,31
12,20
70,33
32,46
30,2
26,24
61,18
64,37
44,24
42,19
44,68
48,65
60,46
28,20
15,60
32,0
36,30
41,46
62,16
70,58
40,57
31,64
59,12
23,28
26,56
10,41
12,53
60,15
48,42
9,4
25,52
4,70
70,60
48,6
56,25
65,68
57,44
0,62
27,10
40,69
6,56
70,34
20,34
52,16
28,0
4,50
48,34
50,42
43,28
18,36
22,48
34,61
41,4
70,42
26,19
35,22
22,8
26,28
56,64
65,46
70,65
11,54
54,54
28,56
14,62
62,18
28,55
19,10
8,30
17,8
28,62
35,54
52,52
12,13
25,44
48,51
57,40
59,50
5,24
37,58
66,54
32,13
9,16
58,9
12,66
42,66
16,41
19,26
47,16
54,42
36,62
63,60
24,40
30,38
67,10
49,64
60,59
44,6
1,50
11,6
28,21
70,24
37,50
14,32
1,14
38,29
24,38
28,37
0,36
32,33
4,45
21,20
10,0
11,50
57,36
16,36
46,36
66,61
67,16
8,34
12,58
38,10
42,48
38,46
20,35
46,52
26,48
70,62
39,58
66,26
42,70
18,41
4,44
4,16
60,48
6,37
30,4
55,28
50,44
56,18
42,58
36,33
24,68
53,66
60,62
64,66
54,70
60,65
30,56
0,13
49,26
65,42
50,23
40,11
23,60
56,35
36,27
52,8
62,69
4,51
26,46
68,3
68,69
33,54
30,27
10,6
64,56
59,18
27,40
6,34
40,30
24,70
32,56
70,29
4,6
56,69
30,11
52,14
2,17
14,23
46,23
38,35
56,24
58,0
56,60
6,64
61,62
24,16
28,14
70,4
64,36
16,46
22,1
54,63
38,8
40,38
2,42
12,42
22,70
66,10
38,17
40,32
54,66
47,66
21,52
60,6
41,34
55,14
40,49
26,22
56,51
8,9
70,27
16,32
12,40
6,23
40,19
14,12
9,0
8,13
58,68
50,60
10,22
6,2
26,68
32,20
47,32
61,22
20,58
15,30
0,34
47,68
42,44
60,44
12,7
70,54
68,30
48,10
33,18
51,48
6,32
45,52
27,62
49,6
24,66
38,11
0,35
19,16
34,22
14,28
42,11
28,39
54,50
12,17
40,54
29,24
3,36
66,62
3,68
8,44
48,23
44,55
52,54
52,45
12,10
36,29
4,64
32,49
9,10
28,8
7,60
58,52
29,8
24,67
8,53
34,44
29,64
55,66
25,32
70,55
58,63
61,12
2,20
38,38
62,48
12,18
6,62
27,28
48,47
70,43
58,70
55,42
68,59
10,48
4,34
8,16
4,55
51,42
34,59
37,6
32,52
30,44
69,12
12,50
10,29
66,50
68,58
6,28
40,36
38,6
44,12
59,66
64,58
35,18
38,58
66,15
42,3
0,30
62,28
54,29
0,2
50,41
38,13
42,40
11,68
52,56
53,0
18,22
54,51
32,48
4,63
69,50
29,34
0,69
28,33
48,70
57,70
70,59
39,42
67,8
54,44
3,50
4,48
